LVL NAME (vnum)                                   HPS  HR  DR   AC  DMG DICE(MAX)      EXP    GOLD
--------------------------------------------------------------------------------------------------
  0 the unfinished mob                  ( 1226)     1   0   0  100      1d1(    1)       0       0
  0 Father Christmas                    (11690)     1   0   0  100      1d1(    1)       0       0
  5 a small spiderling                  ( 1030)    65   4  16   40      4d5(   20)     550     150
 50 a clan guard                        (25501) 10001  50  50 -100      1d1(    1)  318117       0
 50 Chase                               (25502) 10001  50  50 -100      1d1(    1)   41156       0
 50 a clan guard                        (25503) 10001  50  50 -100      1d1(    1)   41156       0
 50 a clan guard                        (25504) 10001  50  50 -100      1d1(    1)  318117       0
 50 a clan guard                        (25505) 10001  50  50 -100      1d1(    1)  318117       0
 50 a clan guard                        (25506) 10001  50  50 -100      1d1(    1)  318117       0
 50 a clan guard                        (25507) 10001  50  50 -100      1d1(    1)  318117       0
 50 the clan healer                     (25509) 10001  50  50 -100      1d1(    1)  318117       0
 50 Adie                                (25510) 10001  50  50 -100      1d1(    1)  318117       0
 50 the clan healer                     (25511) 10001  50  50 -100      1d1(    1)  318117       0
 50 the clan healer                     (25512) 10001  50  50 -100      1d1(    1)  318117       0
 50 the clan healer                     (25513) 10001  50  50 -100      1d1(    1)  318117       0
 50 the clan healer                     (25514) 10001  50  50 -100      1d1(    1)  318117       0
 50 the clan healer                     (25515) 10001  50  50 -100      1d1(    1)  318117       0
 70 the Manager                         (11619)  1000  20  20    0    20d10(  200) 100000000   45000
 72 Impulzarr Patrolman                 (30300)  6502  80  55 -100    10d13(  130)  900000  200000
 80 the Bus Driver                      (26120) 14550  40  50 -130    13d60(  780)  800000     100
 85 Frankie Four Fingers                (26116) 10400  89  88 -100    20d20(  400)  220000   15000
 95 Hoggle                              (11933) 20055  80  60 -150    20d20(  400)  900000   81000
 95 Ozzy Osbourne                       (26199) 18000  90  99 -150    30d25(  750)  800000   85500
 97 a Scalper                           (11601)  5500 107  97 -120    50d65( 3250)  950000   85500
 97 Ludo                                (11932) 20400 100  80 -200    20d27(  540)  920000   82800
 97 a Goblin Rider                      (11949) 16200  90  90 -180    20d40(  800)  970000       0
 98 the Goblin Samuri                   (11951) 11700 100 100 -190    40d20(  800)  940000   84600
 98 a Stone                             (11952) 15525  90  90 -200    20d35(  700)  920000   79500
100 a fast moving car                   (11605)  1250 102  85 -200    50d20( 1000)       0       0
100 Sarah                               (11931) 21040  90  90 -200    30d30(  900)  950000   85500
100 a clan guard                        (25500) 30001 127 127 -250    50d50( 2500)  318117       0
100 the clan healer                     (25508) 30001 127 127 -250    50d50( 2500)  318117       0
100 Jack Nicholson                      (26108) 35250  90 130 -200    60d80( 4800) 1000000  200000
100 Jerry Seinfeld                      (26109) 24200 100 103 -130    12d80(  960) 1000000   90000
100 Captain John Smith                  (26112)  9030 120  80 -200   60d100( 6000)  900000   20000
100 a Mafia Gangster                    (26113) 13500 100 104 -150    30d32(  960)  400000   76500
100 the Boss of McNuggets               (26114) 17500 102 121 -200    30d40( 1200) 1000000   90000
115 Goblin King                         (11930) 30300 110 110 -200    25d35(  875) 1000000   90000
115 the Captain of the Goblin Guards    (11948) 16500 104 104 -200    15d35(  525)  990000   80100
